
============================Metadata============================
Student:  Kirill Telegin
Group:  3430302/80004

Matrix
[[12. -5. -7.  0.  0.  0.  0.  0.  0.  0.  0.  0.  0.  0.  0.  0.  0.  0.
   0.  0.  0.]
 [-5. 14. -7. -2.  0.  0.  0.  0.  0.  0.  0.  0.  0.  0.  0.  0.  0.  0.
   0.  0.  0.]
 [-7. -7. 29. -8. -7.  0.  0.  0.  0.  0.  0.  0.  0.  0.  0.  0.  0.  0.
   0.  0.  0.]
 [ 0. -2. -8. 19.  0. -9.  0.  0.  0.  0.  0.  0.  0.  0.  0.  0.  0.  0.
   0.  0.  0.]
 [ 0.  0. -7.  0. 23. -7. -9.  0.  0.  0.  0.  0.  0.  0.  0.  0.  0.  0.
   0.  0.  0.]
 [ 0.  0.  0. -9. -7. 21.  0. -5.  0.  0.  0.  0.  0.  0.  0.  0.  0.  0.
   0.  0.  0.]
 [ 0.  0.  0.  0. -9.  0. 16. -3. -4.  0.  0.  0.  0.  0.  0.  0.  0.  0.
   0.  0.  0.]
 [ 0.  0.  0.  0.  0. -5. -3. 14. -2. -4.  0.  0.  0.  0.  0.  0.  0.  0.
   0.  0.  0.]
 [ 0.  0.  0.  0.  0.  0. -4. -2. 12. -2. -4.  0.  0.  0.  0.  0.  0.  0.
   0.  0.  0.]
 [ 0.  0.  0.  0.  0.  0.  0. -4. -2. 14. -4. -4.  0.  0.  0.  0.  0.  0.
   0.  0.  0.]
 [ 0.  0.  0.  0.  0.  0.  0.  0. -4. -4. 18. -2. -8.  0.  0.  0.  0.  0.
   0.  0.  0.]
 [ 0.  0.  0.  0.  0.  0.  0.  0.  0. -4. -2. 10. -1. -3.  0.  0.  0.  0.
   0.  0.  0.]
 [ 0.  0.  0.  0.  0.  0.  0.  0.  0.  0. -8. -1. 24. -6. -9.  0.  0.  0.
   0.  0.  0.]
 [ 0.  0.  0.  0.  0.  0.  0.  0.  0.  0.  0. -3. -6. 18.  0. -9.  0.  0.
   0.  0.  0.]
 [ 0.  0.  0.  0.  0.  0.  0.  0.  0.  0.  0.  0. -9.  0. 22. -6. -7.  0.
   0.  0.  0.]
 [ 0.  0.  0.  0.  0.  0.  0.  0.  0.  0.  0.  0.  0. -9. -6. 29. -5. -9.
   0.  0.  0.]
 [ 0.  0.  0.  0.  0.  0.  0.  0.  0.  0.  0.  0.  0.  0. -7. -5. 20.  0.
  -8.  0.  0.]
 [ 0.  0.  0.  0.  0.  0.  0.  0.  0.  0.  0.  0.  0.  0.  0. -9.  0. 19.
  -7. -3.  0.]
 [ 0.  0.  0.  0.  0.  0.  0.  0.  0.  0.  0.  0.  0.  0.  0.  0. -8. -7.
  29. -5. -9.]
 [ 0.  0.  0.  0.  0.  0.  0.  0.  0.  0.  0.  0.  0.  0.  0.  0.  0. -3.
  -5. 11. -3.]
 [ 0.  0.  0.  0.  0.  0.  0.  0.  0.  0.  0.  0.  0.  0.  0.  0.  0.  0.
  -9. -3. 12.]]

Column vector
[  62.  -16. -126.  111.  -13.  -35.   66.  -19.  -42.  -32.   66.   16.
  -65.   27.   -5.  -83.  102.   -7.  -95.   43.   45.]

============================Single precision============================

----------------------------------------------------------------
parameter value : 1.0
----------------------------------------------------------------
Solution for current parameter
 [ 7.0000000e+00  3.0000000e+00  1.0000000e+00  8.0000000e+00
  3.0000000e+00  3.0000000e+00  6.0000000e+00  1.0000000e+00
 -3.3273331e-14 -3.5025832e-14  4.0000000e+00  3.0000000e+00
 -3.9030201e-14  2.0000000e+00  2.0000000e+00 -4.0171412e-14
  7.0000000e+00  2.0000000e+00  3.0000000e+00  8.0000000e+00
  8.0000000e+00]
Condition number for current solution
 1144.3397
Inverse condition number for current solution
 0.0008738663711962891
Redisual vector for current solution
 [0. 0. 0. 0. 0. 0. 0. 0. 0. 0. 0. 0. 0. 0. 0. 0. 0. 0. 0. 0. 0.]
Defect for current solution
 0.0

----------------------------------------------------------------
parameter value : 0.015625
----------------------------------------------------------------
Solution for current parameter
 [ 7.0000000e+00  3.0000000e+00  1.0000000e+00  8.0000000e+00
  3.0000000e+00  3.0000000e+00  6.0000000e+00  1.0000000e+00
 -1.0247491e-12 -1.0266371e-12  4.0000000e+00  3.0000000e+00
 -1.0285710e-12  2.0000000e+00  2.0000000e+00 -1.0299300e-12
  7.0000000e+00  2.0000000e+00  3.0000000e+00  8.0000000e+00
  8.0000000e+00]
Condition number for current solution
 57072.473
Inverse condition number for current solution
 1.7521581831981307e-05
Redisual vector for current solution
 [0. 0. 0. 0. 0. 0. 0. 0. 0. 0. 0. 0. 0. 0. 0. 0. 0. 0. 0. 0. 0.]
Defect for current solution
 0.0

----------------------------------------------------------------
parameter value : 0.0
----------------------------------------------------------------
Solution for current parameter undefined
The determinant of matrix 0.0

============================Double precision============================

----------------------------------------------------------------
parameter value : 1.0
----------------------------------------------------------------
Solution for current parameter
 [ 7.00000000e+00  3.00000000e+00  1.00000000e+00  8.00000000e+00
  3.00000000e+00  3.00000000e+00  6.00000000e+00  1.00000000e+00
 -3.32733305e-14 -3.50258317e-14  4.00000000e+00  3.00000000e+00
 -3.90302022e-14  2.00000000e+00  2.00000000e+00 -4.01714129e-14
  7.00000000e+00  2.00000000e+00  3.00000000e+00  8.00000000e+00
  8.00000000e+00]
Condition number for current solution
 1144.3396450562045
Inverse condition number for current solution
 0.0008738664297092361
Redisual vector for current solution
 [ 0.00000000e+00 -3.55271368e-15 -2.84217094e-14  0.00000000e+00
  1.06581410e-14  0.00000000e+00  1.42108547e-14 -7.10542736e-15
 -7.10542736e-15  7.10542736e-15  1.42108547e-14  0.00000000e+00
  1.42108547e-14  3.55271368e-15 -6.21724894e-15 -1.42108547e-14
  0.00000000e+00  0.00000000e+00  0.00000000e+00  7.10542736e-15
  2.13162821e-14]
Defect for current solution
 1.978448424984533e-13

----------------------------------------------------------------
parameter value : 0.015625
----------------------------------------------------------------
Solution for current parameter
 [ 7.00000000e+00  3.00000000e+00  1.00000000e+00  8.00000000e+00
  3.00000000e+00  3.00000000e+00  6.00000000e+00  1.00000000e+00
 -1.02474905e-12 -1.02663712e-12  4.00000000e+00  3.00000000e+00
 -1.02857100e-12  2.00000000e+00  2.00000000e+00 -1.02993001e-12
  7.00000000e+00  2.00000000e+00  3.00000000e+00  8.00000000e+00
  8.00000000e+00]
Condition number for current solution
 57072.47518959947
Inverse condition number for current solution
 1.7521581054228286e-05
Redisual vector for current solution
 [ 0.00000000e+00 -1.42108547e-14  0.00000000e+00  0.00000000e+00
  7.10542736e-15  0.00000000e+00  0.00000000e+00 -3.55271368e-15
  0.00000000e+00  7.10542736e-15  0.00000000e+00  3.55271368e-15
  0.00000000e+00  7.10542736e-15 -5.32907052e-15  0.00000000e+00
  1.42108547e-14  0.00000000e+00  0.00000000e+00  0.00000000e+00
  0.00000000e+00]
Defect for current solution
 4.94745257685136e-12

----------------------------------------------------------------
parameter value : 0.0
----------------------------------------------------------------
Solution for current parameter undefined
The determinant of matrix 0.0
