
============================Metadata============================
Student:  Kirill Telegin
Group:  3430302/80004

Matrix
[[ -4.   0.   7.   0.   0.   0.   0.   0.   7.   0.   0.   0.   0.   0.
    0.   0.   0.   0.   0.   0.   0.   0.   0.   0.   0.  -4.   0.]
 [  4.  -3.   3.  -1.  -1.   0.   0.   0.   0.   0.   0.   0.   0.   0.
    0.   6.   0.   0.   0.   0.   0.   0.   0.   0.   4.   0.   0.]
 [  0.   0.  -5.   0.   0.   0.   0.   4.   0.   0.  -7.   0.   0.   0.
    0.   0.   0.   0.  -6.   0.   0.   0.   0.   0.   0.   0.   0.]
 [  0.   0.   0.  -3.   0.   0.   0.   0.   0.   0.   0.   0.  -8.   0.
    0.   7.   0.   0.   7.   0.   0.   0.   0.   0.  -5.   0.   0.]
 [  0.   0.   0.   0.   5.   0.   8.   4.   0.   0.   0.   0.   0.   0.
    0.   0.   0.   0.   6.  -7.   0.   0.   0.   0.   0.   0.   0.]
 [  0.   0.   0.   0.   0.   6.   0.   0.   0.   0.   0.   0.   0.   5.
    0.   0.   0.   0.  -1.   0.   0.   0.   0.   0.   0.   0.   0.]
 [  0.   0.   0.  -1.   0.   0.  10.   0.   0.   0.   0.  -2.   0.   0.
    0.   0.   0.   0.   0.   0.   0.   0.   0.   4.  -7.   0.   0.]
 [  0.   4.  -7.   0.   0.   0.   0.  18.   0.   0.   0.   0.   0.   0.
    0.   4.   0.   0.   0.   0.   0.   0.  -3.   0.   0.   0.   0.]
 [  0.  -8.   0.   1.   0.   0.   0.   0.  -4.   0.   0.   0.   0.   4.
    7.   0.   0.   0.   0.   0.   0.   0.   0.   0.   0.   0.   0.]
 [  0.   0.   0.   0.   0.   0.   0.   0.   0.  -1.   0.   0.   0.   0.
    0.   0.   0.   0.   0.   0.   0.   0.   1.   0.   0.   0.   0.]
 [  0.   0.   0.   0.   0.   0.   0.   0.   0.   0.  -2.   0.   0.   0.
    0.   0.   0.   0.   0.   0.   0.   0.  -5.   3.   0.   0.   0.]
 [  0.   0.   0.   5.   0.   0.   0.   0.   0.   0.   0. -13.   0.  -6.
    0.   0.   0.   0.   0.   0.  -3.  -4.   5.   0.   0.   0.   0.]
 [  8.   0.   0.   0.   7.   0.   0.   0.   0.   0.  -5.   0. -19.   0.
    0.   0.   0.   0.  -7.   0.   0.   0.   0.   0.   0.  -6.   0.]
 [  0.   0.   0.   0.   0.   0.   5.   0.   0.   0.   0.   0.   0. -13.
    0.   0.   0.   0.   0.   0.   0.   1.  -7.   0.   0.   0.   0.]
 [  0.   0.   0.   0.   1.  -1.   0.  -5.   0.   0.   0.   6.   0.   0.
   -8.   0.   0.   0.   0.   0.   0.   4.  -5.   0.   0.   0.   0.]
 [  0.   0.   0.   0.   0.   0.   0.   0.   0.   0.   0.   0.   0.   0.
    0.  -7.   0.   0.   0.   0.   0.   0.   0.   0.   0.   7.   0.]
 [  0.   0.   0.   0.   0.   0.  -7.   0.   0.   0.   0.   0.   0.   0.
    0.  -3.   3.   0.   0.   0.   0.   0.   0.  -6.   0.   1.   0.]
 [  0.   0.   1.   0.   0.   0.   0.   0.   0.   0.   0.   0.   0.   0.
    0.   0.   0.  -2.   0.   0.   0.   0.   0.   0.   3.   0.   0.]
 [  0.  -1.   0.  -1.   0.   0.  -7.   0.   0.   0.   0.  -3.   0.   0.
    0.   0.   0.   0.  -9.   0.   0.   0.   0.  -2.  -5.   0.   0.]
 [  0.   6.   0.   0.   0.   0.   0.   0.   0.   0.   0.   0.   0.   0.
   -8.   0.   0.   0.   0.  -6.   0.  -4.   0.   0.   0.   0.   0.]
 [  0.   0.   0.   0.  -4.   0.   0.   0.   0.   0.   0.   0.   0.   0.
    0.   0.   0.   0.  -5.  -5. -21.   0.   0.  -7.   0.   0.   0.]
 [  0.   0.   0.   0.   0.   0.   0.   0.   0.   0.   2.   0.   0.   0.
    0.  -5.   0.   0.   0.   0.   0.   3.   0.   0.   0.   0.   0.]
 [ -7.   0.   0.   0.   0.   0.   5.   0.   0.  -8.   2.   0.   0.   0.
   -6.   0.  -4.  -1.  -7.   0.   0.   0.  18.   0.   0.   0.   0.]
 [  0.  -4.   0.   0.   0.   0.   0.   0.  -4.   0.   0.   0.   0.   0.
    0.   0.  -8.   0.   0.   0.   0.   0.   0. -16.   0.   0.   0.]
 [  0.   0.   0.   0.   0.   0.   0.   0.   0.   0.   0.   0.   5.  -5.
    0.   0.   0.   0.   0.   0.   0.   0.   0.   0.  10.   0.   0.]
 [  0.   1.   0.   0.   0.   0.   0.   0.   0.   0.   0.   0.   0.   0.
    0.  -2.   0.   5.   0.   0.   0.   0.   0.  -8.   0. -12.   0.]
 [  0.   0.   0.   0.   0.   0.   0.   0.   0.   0.   0.   0.   0.   0.
    0.   0.   0.   0.   0.   0.  -6.  -4.   0.   0.   0.   0. -10.]]

Column vector
[  30.   69.  -83.   28.   75.    3.   30.   48.  -24.    4.  -45.  -70.
 -136.  -41.  -16.  -42.  -88.    7. -181.  -42. -246.  -18.   82.  -96.
   80.  -13.  -66.]

============================Single precision============================

parameter value : 1.0 

Solution for current parameter
 [2.0000000e+00 2.0000000e+00 1.5083965e-13 1.0000000e+00 2.0000000e+00
 1.2079227e-13 8.0000000e+00 2.0000000e+00 6.0000000e+00 4.0000000e+00
 7.0000000e+00 6.0000000e+00 4.0000000e+00 2.0000000e+00 1.0000000e+00
 7.0000000e+00 2.0000000e+00 7.0000000e+00 7.0000000e+00 7.0000000e+00
 7.0000000e+00 1.0000000e+00 8.0000000e+00 3.0000000e+00 7.0000000e+00
 1.0000000e+00 2.0000000e+00]
Condition number for current solution
 1685.0453
Inverse condition number for current solution
 0.0005934558596558028
Redisual vector for current solution
 [0. 0. 0. 0. 0. 0. 0. 0. 0. 0. 0. 0. 0. 0. 0. 0. 0. 0. 0. 0. 0. 0. 0. 0.
 0. 0. 0.]

parameter value : 0.015625 

Solution for current parameter
 [2.0000000e+00 2.0000000e+00 1.5230586e-11 1.0000000e+00 2.0000000e+00
 1.5184298e-11 8.0000000e+00 2.0000000e+00 6.0000000e+00 4.0000000e+00
 7.0000000e+00 6.0000000e+00 4.0000000e+00 2.0000000e+00 1.0000000e+00
 7.0000000e+00 2.0000000e+00 7.0000000e+00 7.0000000e+00 7.0000000e+00
 7.0000000e+00 1.0000000e+00 8.0000000e+00 3.0000000e+00 7.0000000e+00
 1.0000000e+00 2.0000000e+00]
Condition number for current solution
 101431.56
Inverse condition number for current solution
 9.858864197226578e-06
Redisual vector for current solution
 [0. 0. 0. 0. 0. 0. 0. 0. 0. 0. 0. 0. 0. 0. 0. 0. 0. 0. 0. 0. 0. 0. 0. 0.
 0. 0. 0.]

parameter value : 0.0 

Solution for current parameter
 undefined
The determinant of matrix
 0.0

============================Double precision============================

parameter value : 1.0 

Solution for current parameter
 [2.00000000e+00 2.00000000e+00 1.50839658e-13 1.00000000e+00
 2.00000000e+00 1.20792265e-13 8.00000000e+00 2.00000000e+00
 6.00000000e+00 4.00000000e+00 7.00000000e+00 6.00000000e+00
 4.00000000e+00 2.00000000e+00 1.00000000e+00 7.00000000e+00
 2.00000000e+00 7.00000000e+00 7.00000000e+00 7.00000000e+00
 7.00000000e+00 1.00000000e+00 8.00000000e+00 3.00000000e+00
 7.00000000e+00 1.00000000e+00 2.00000000e+00]
Condition number for current solution
 1685.0454724570452
Inverse condition number for current solution
 0.0005934557947221759
Redisual vector for current solution
 [ 1.06581410e-14  0.00000000e+00  0.00000000e+00  5.68434189e-14
  1.42108547e-14  0.00000000e+00  0.00000000e+00  7.10542736e-15
  0.00000000e+00 -1.15463195e-14 -1.42108547e-14  0.00000000e+00
  0.00000000e+00 -1.42108547e-14  2.84217094e-14 -7.10542736e-15
 -2.84217094e-14 -8.88178420e-15  5.68434189e-14  1.42108547e-14
  1.13686838e-13  1.42108547e-14  0.00000000e+00  0.00000000e+00
 -1.42108547e-14 -5.32907052e-15  0.00000000e+00]

parameter value : 0.015625 

Solution for current parameter
 [2.00000000e+00 2.00000000e+00 1.52305866e-11 1.00000000e+00
 2.00000000e+00 1.51842983e-11 8.00000000e+00 2.00000000e+00
 6.00000000e+00 4.00000000e+00 7.00000000e+00 6.00000000e+00
 4.00000000e+00 2.00000000e+00 1.00000000e+00 7.00000000e+00
 2.00000000e+00 7.00000000e+00 7.00000000e+00 7.00000000e+00
 7.00000000e+00 1.00000000e+00 8.00000000e+00 3.00000000e+00
 7.00000000e+00 1.00000000e+00 2.00000000e+00]
Condition number for current solution
 101431.55667478184
Inverse condition number for current solution
 9.858864763421525e-06
Redisual vector for current solution
 [-2.48689958e-14  4.26325641e-14 -1.42108547e-14 -4.97379915e-14
 -2.84217094e-14  0.00000000e+00  7.10542736e-15  0.00000000e+00
  3.55271368e-15  4.44089210e-15 -7.10542736e-15  0.00000000e+00
  0.00000000e+00  7.10542736e-15 -2.84217094e-14  2.84217094e-14
 -2.84217094e-14  5.32907052e-15  2.84217094e-14  2.13162821e-14
  0.00000000e+00  0.00000000e+00  0.00000000e+00  0.00000000e+00
  0.00000000e+00  3.55271368e-15  0.00000000e+00]

parameter value : 0.0 

Solution for current parameter
 undefined
The determinant of matrix
 0.0

============================Defect decision============================
[-1.21680443e-13  8.72635297e-14 -3.87215061e-21  1.05138120e-13
 -1.26565425e-13  0.00000000e+00  1.18127730e-13 -1.24344979e-13
  1.66089364e-13 -1.12798659e-13  1.39444012e-13 -1.22568622e-13
 -1.26121336e-13  1.21236354e-13  1.10467191e-13  1.15463195e-13
  1.09690035e-13  1.11910481e-13 -1.19015908e-13 -1.29674049e-13
  1.18127730e-13  1.03472786e-13 -1.24344979e-13 -1.18571819e-13
  1.21680443e-13  1.14463994e-13 -1.12354570e-13]
