
---------------Metadata----------------
Student:  Kirill Telegin
Group:  3430302/80004
[a,b]:
[0.         0.03926991 0.07853982 0.11780972 0.15707963 0.19634954
 0.23561945 0.27488936 0.31415927 0.35342917 0.39269908 0.43196899
 0.4712389  0.51050881 0.54977871 0.58904862 0.62831853 0.66758844
 0.70685835 0.74612826 0.78539816 0.82466807 0.86393798 0.90320789
 0.9424778  0.9817477  1.02101761 1.06028752 1.09955743 1.13882734
 1.17809725 1.21736715 1.25663706 1.29590697 1.33517688 1.37444679
 1.41371669 1.4529866  1.49225651 1.53152642]
current N: 10
========================= function ==============================
S(x):
 [1.         0.74775263 0.58359214 0.47301712 0.39665823 0.34314575
 0.30557281 0.27964943 0.26270014 0.25310657]
Defect
 0.0003071921538305711
===================== first derivative ==========================
S(x):
 [-1.96700303 -1.28508884 -0.84544602 -0.5801887  -0.40397372 -0.28427693
 -0.198522   -0.13432539 -0.08298416 -0.04066933]
Defect
 2.967003031779625
==================== second derivative ==========================
S(x):
 [5.1123743  3.57002686 2.02767941 1.34968158 0.89395732 0.63006946
 0.46179632 0.35558029 0.2981165  0.24065271]
Defect
 0.05263798194463204
===================== third derivative ==========================
S(x):
 [-9.81888879 -9.81888879 -4.31626823 -2.90123077 -1.67996231 -1.07126007
 -0.67619225 -0.36582584 -0.36582584 -0.36582584]
Defect
 10.818888785712977
=========================== integral ============================
integral 0.6272345674013048
defect integral 6.963702585697282e-15
=================================================================
[a,b]:
[0.         0.01767146 0.03534292 0.05301438 0.07068583 0.08835729
 0.10602875 0.12370021 0.14137167 0.15904313 0.17671459 0.19438605
 0.2120575  0.22972896 0.24740042 0.26507188 0.28274334 0.3004148
 0.31808626 0.33575771 0.35342917 0.37110063 0.38877209 0.40644355
 0.42411501 0.44178647 0.45945793 0.47712938 0.49480084 0.5124723
 0.53014376 0.54781522 0.56548668 0.58315814 0.60082959 0.61850105
 0.63617251 0.65384397 0.67151543 0.68918689 0.70685835 0.72452981
 0.74220126 0.75987272 0.77754418 0.79521564 0.8128871  0.83055856
 0.84823002 0.86590148 0.88357293 0.90124439 0.91891585 0.93658731
 0.95425877 0.97193023 0.98960169 1.00727314 1.0249446  1.04261606
 1.06028752 1.07795898 1.09563044 1.1133019  1.13097336 1.14864481
 1.16631627 1.18398773 1.20165919 1.21933065 1.23700211 1.25467357
 1.27234502 1.29001648 1.30768794 1.3253594  1.34303086 1.36070232
 1.37837378 1.39604524]
current N: 20
========================= function ==============================
S(x):
 [1.         0.87241601 0.76825236 0.68248117 0.61131486 0.5518669
 0.5019141  0.45972755 0.42395086 0.39351147 0.36755532 0.34539818
 0.32648917 0.31038307 0.29671929 0.2852057  0.27560615 0.26773091
 0.26142928 0.25658391]
Defect
 1.653418748570612e-05
===================== first derivative ==========================
S(x):
 [-1.9956313  -1.62676817 -1.33297144 -1.10243096 -0.91793909 -0.76925473
 -0.6481542  -0.54864379 -0.46613351 -0.39711978 -0.33888821 -0.28931876
 -0.24673853 -0.20981484 -0.17747483 -0.14884658 -0.12320863 -0.09997205
 -0.0785883  -0.05876817]
Defect
 2.99563129630689
==================== second derivative ==========================
S(x):
 [5.74933197 4.68735962 3.62538727 2.89757396 2.32247822 1.88442865
 1.54201526 1.27355354 1.06100975 0.8916793  0.75593707 0.64659152
 0.55818262 0.4865442  0.42849081 0.38152302 0.34388238 0.31357851
 0.29145778 0.26933705]
Defect
 0.0011049757680163808
===================== third derivative ==========================
S(x):
 [-15.02383547 -15.02383547 -10.29645202  -8.13594041  -6.19713375
  -4.84415847  -3.79795644  -3.00687957  -2.3955359   -1.92035965
  -1.54692305  -1.2507301   -1.01347632  -0.82128749  -0.66445835
  -0.5325061   -0.42871206  -0.31294433  -0.31294433  -0.31294433]
Defect
 16.0238354653503
=========================== integral ============================
integral 0.6092284673166471
defect integral 6.763794716720363e-15
=================================================================
[a,b]:
[0.         0.00839394 0.01678789 0.02518183 0.03357577 0.04196971
 0.05036366 0.0587576  0.06715154 0.07554549 0.08393943 0.09233337
 0.10072731 0.10912126 0.1175152  0.12590914 0.13430309 0.14269703
 0.15109097 0.15948491 0.16787886 0.1762728  0.18466674 0.19306069
 0.20145463 0.20984857 0.21824251 0.22663646 0.2350304  0.24342434
 0.25181829 0.26021223 0.26860617 0.27700011 0.28539406 0.293788
 0.30218194 0.31057589 0.31896983 0.32736377 0.33575771 0.34415166
 0.3525456  0.36093954 0.36933349 0.37772743 0.38612137 0.39451531
 0.40290926 0.4113032  0.41969714 0.42809109 0.43648503 0.44487897
 0.45327292 0.46166686 0.4700608  0.47845474 0.48684869 0.49524263
 0.50363657 0.51203052 0.52042446 0.5288184  0.53721234 0.54560629
 0.55400023 0.56239417 0.57078812 0.57918206 0.587576   0.59596994
 0.60436389 0.61275783 0.62115177 0.62954572 0.63793966 0.6463336
 0.65472754 0.66312149 0.67151543 0.67990937 0.68830332 0.69669726
 0.7050912  0.71348514 0.72187909 0.73027303 0.73866697 0.74706092
 0.75545486 0.7638488  0.77224274 0.78063669 0.78903063 0.79742457
 0.80581852 0.81421246 0.8226064  0.83100034 0.83939429 0.84778823
 0.85618217 0.86457612 0.87297006 0.881364   0.88975794 0.89815189
 0.90654583 0.91493977 0.92333372 0.93172766 0.9401216  0.94851554
 0.95690949 0.96530343 0.97369737 0.98209132 0.99048526 0.9988792
 1.00727314 1.01566709 1.02406103 1.03245497 1.04084892 1.04924286
 1.0576368  1.06603074 1.07442469 1.08281863 1.09121257 1.09960652
 1.10800046 1.1163944  1.12478834 1.13318229 1.14157623 1.14997017
 1.15836412 1.16675806 1.175152   1.18354594 1.19193989 1.20033383
 1.20872777 1.21712172 1.22551566 1.2339096  1.24230354 1.25069749
 1.25909143 1.26748537 1.27587932 1.28427326 1.2926672  1.30106115
 1.30945509 1.31784903 1.32624297 1.33463692]
current N: 40
========================= function ==============================
S(x):
 [1.         0.93609658 0.87819079 0.82560984 0.77776915 0.73415922
 0.69433479 0.65790568 0.6245291  0.59390319 0.56576142 0.53986804
 0.51601395 0.49401342 0.47370105 0.45492934 0.4375665  0.42149455
 0.40660773 0.39281109 0.38001926 0.36815538 0.35715017 0.34694115
 0.33747185 0.32869127 0.32055327 0.3130161  0.30604198 0.29959673
 0.29364941 0.28817205 0.28313935 0.27852853 0.27431903 0.2704924
 0.26703211 0.26392343 0.26115327 0.25871011]
Defect
 1.0333407591822663e-06
===================== first derivative ==========================
S(x):
 [-1.99944436 -1.81051016 -1.64218576 -1.49275284 -1.35949011 -1.24041291
 -1.13373069 -1.03792964 -0.95169879 -0.87390703 -0.80357366 -0.73984663
 -0.68198357 -0.62933607 -0.58133633 -0.53748598 -0.49734654 -0.46053132
 -0.42669856 -0.39554549 -0.36680333 -0.34023296 -0.31562112 -0.29277729
 -0.27153082 -0.25172856 -0.23323276 -0.21591919 -0.19967561 -0.18440033
 -0.17000097 -0.15639343 -0.14350085 -0.13125288 -0.11958479 -0.10843702
 -0.09775402 -0.0874856  -0.07757956 -0.0680069 ]
Defect
 2.999444362773973
==================== second derivative ==========================
S(x):
 [5.9340139  5.32018458 4.70635526 4.1948802  3.74314895 3.34989412
 3.00482029 2.7017385  2.43475393 2.19904944 1.99048175 1.80553097
 1.64118382 1.49485754 1.36433148 1.24769177 1.14328479 1.04967848
 0.96562985 0.89005765 0.82201943 0.76069205 0.7053553  0.65537786
 0.61020547 0.56935075 0.53238455 0.49892853 0.46864879 0.44125038
 0.41647263 0.394085   0.37388383 0.35568836 0.33934174 0.32469513
 0.31165667 0.29999981 0.29007075 0.28014169]
Defect
 -0.01560865009919149
===================== third derivative ==========================
S(x):
 [-18.28191258 -18.28191258 -15.23345668 -13.45408398 -11.71245851
 -10.27746561  -9.02680025  -7.95170336  -7.02007665  -6.211851
  -5.50845959  -4.89481383  -4.35809135  -3.8875073   -3.47392511
  -3.10959285  -2.78791221  -2.50325245  -2.25079556  -2.02640845
  -1.82653663  -1.64811562  -1.48849703  -1.34538651  -1.21679172
  -1.10097841  -0.99643339  -0.90183312  -0.81601723  -0.73796515
  -0.66677938  -0.60165904  -0.54192261  -0.48685769  -0.43622545
  -0.3883295   -0.34718066  -0.29572106  -0.29572106  -0.29572106]
Defect
 19.281912582656034
=========================== integral ============================
integral 0.6005786442515728
defect integral 6.667762389462571e-15
=================================================================
[a,b]:
[0.         0.00409205 0.00818409 0.01227614 0.01636819 0.02046024
 0.02455228 0.02864433 0.03273638 0.03682842 0.04092047 0.04501252
 0.04910457 0.05319661 0.05728866 0.06138071 0.06547275 0.0695648
 0.07365685 0.0777489  0.08184094 0.08593299 0.09002504 0.09411708
 0.09820913 0.10230118 0.10639323 0.11048527 0.11457732 0.11866937
 0.12276141 0.12685346 0.13094551 0.13503756 0.1391296  0.14322165
 0.1473137  0.15140574 0.15549779 0.15958984 0.16368189 0.16777393
 0.17186598 0.17595803 0.18005007 0.18414212 0.18823417 0.19232622
 0.19641826 0.20051031 0.20460236 0.2086944  0.21278645 0.2168785
 0.22097055 0.22506259 0.22915464 0.23324669 0.23733873 0.24143078
 0.24552283 0.24961488 0.25370692 0.25779897 0.26189102 0.26598306
 0.27007511 0.27416716 0.27825921 0.28235125 0.2864433  0.29053535
 0.29462739 0.29871944 0.30281149 0.30690354 0.31099558 0.31508763
 0.31917968 0.32327172 0.32736377 0.33145582 0.33554787 0.33963991
 0.34373196 0.34782401 0.35191605 0.3560081  0.36010015 0.3641922
 0.36828424 0.37237629 0.37646834 0.38056038 0.38465243 0.38874448
 0.39283653 0.39692857 0.40102062 0.40511267 0.40920471 0.41329676
 0.41738881 0.42148086 0.4255729  0.42966495 0.433757   0.43784905
 0.44194109 0.44603314 0.45012519 0.45421723 0.45830928 0.46240133
 0.46649338 0.47058542 0.47467747 0.47876952 0.48286156 0.48695361
 0.49104566 0.49513771 0.49922975 0.5033218  0.50741385 0.51150589
 0.51559794 0.51968999 0.52378204 0.52787408 0.53196613 0.53605818
 0.54015022 0.54424227 0.54833432 0.55242637 0.55651841 0.56061046
 0.56470251 0.56879455 0.5728866  0.57697865 0.5810707  0.58516274
 0.58925479 0.59334684 0.59743888 0.60153093 0.60562298 0.60971503
 0.61380707 0.61789912 0.62199117 0.62608321 0.63017526 0.63426731
 0.63835936 0.6424514  0.64654345 0.6506355  0.65472754 0.65881959
 0.66291164 0.66700369 0.67109573 0.67518778 0.67927983 0.68337187
 0.68746392 0.69155597 0.69564802 0.69974006 0.70383211 0.70792416
 0.7120162  0.71610825 0.7202003  0.72429235 0.72838439 0.73247644
 0.73656849 0.74066053 0.74475258 0.74884463 0.75293668 0.75702872
 0.76112077 0.76521282 0.76930486 0.77339691 0.77748896 0.78158101
 0.78567305 0.7897651  0.79385715 0.79794919 0.80204124 0.80613329
 0.81022534 0.81431738 0.81840943 0.82250148 0.82659352 0.83068557
 0.83477762 0.83886967 0.84296171 0.84705376 0.85114581 0.85523785
 0.8593299  0.86342195 0.867514   0.87160604 0.87569809 0.87979014
 0.88388218 0.88797423 0.89206628 0.89615833 0.90025037 0.90434242
 0.90843447 0.91252651 0.91661856 0.92071061 0.92480266 0.9288947
 0.93298675 0.9370788  0.94117084 0.94526289 0.94935494 0.95344699
 0.95753903 0.96163108 0.96572313 0.96981517 0.97390722 0.97799927
 0.98209132 0.98618336 0.99027541 0.99436746 0.9984595  1.00255155
 1.0066436  1.01073565 1.01482769 1.01891974 1.02301179 1.02710383
 1.03119588 1.03528793 1.03937998 1.04347202 1.04756407 1.05165612
 1.05574816 1.05984021 1.06393226 1.06802431 1.07211635 1.0762084
 1.08030045 1.08439249 1.08848454 1.09257659 1.09666864 1.10076068
 1.10485273 1.10894478 1.11303682 1.11712887 1.12122092 1.12531297
 1.12940501 1.13349706 1.13758911 1.14168115 1.1457732  1.14986525
 1.1539573  1.15804934 1.16214139 1.16623344 1.17032548 1.17441753
 1.17850958 1.18260163 1.18669367 1.19078572 1.19487777 1.19896981
 1.20306186 1.20715391 1.21124596 1.215338   1.21943005 1.2235221
 1.22761414 1.23170619 1.23579824 1.23989029 1.24398233 1.24807438
 1.25216643 1.25625847 1.26035052 1.26444257 1.26853462 1.27262666
 1.27671871 1.28081076 1.28490281 1.28899485 1.2930869  1.29717895
 1.30127099 1.30536304]
current N: 80
========================= function ==============================
S(x):
 [1.         0.96805158 0.93761807 0.90861266 0.8809544  0.85456776
 0.8293822  0.80533181 0.78235497 0.76039399 0.73939488 0.71930704
 0.70008304 0.68167838 0.66405129 0.64716253 0.63097525 0.61545476
 0.60056846 0.58628563 0.57257735 0.55941638 0.54677702 0.53463502
 0.52296752 0.51175291 0.50097079 0.49060187 0.48062793 0.4710317
 0.46179687 0.45290799 0.44435042 0.43611028 0.42817445 0.42053044
 0.41316645 0.40607125 0.39923419 0.39264516 0.38629457 0.38017328
 0.37427263 0.36858437 0.36310066 0.35781406 0.35271746 0.34780413
 0.34306763 0.33850186 0.334101   0.32985951 0.3257721  0.32183376
 0.31803969 0.31438534 0.31086636 0.30747863 0.30421819 0.30108129
 0.29806437 0.29516401 0.29237697 0.28970018 0.2871307  0.28466573
 0.28230261 0.28003883 0.27787199 0.27579981 0.27382012 0.27193088
 0.27013014 0.26841608 0.26678694 0.26524109 0.26377698 0.26239316
 0.26108825 0.25986096]
Defect
 6.427199039649167e-08
===================== first derivative ==========================
S(x):
 [-1.99993015 -1.9046877  -1.81482587 -1.73011376 -1.65016929 -1.57468495
 -1.50336437 -1.43593669 -1.37215028 -1.31177229 -1.25458677 -1.20039335
 -1.14900602 -1.10025192 -1.05397033 -1.01001169 -0.96823677 -0.92851581
 -0.89072785 -0.85476002 -0.82050697 -0.78787026 -0.75675789 -0.7270838
 -0.69876746 -0.67173344 -0.64591109 -0.62123413 -0.59764042 -0.57507161
 -0.55347293 -0.53279289 -0.51298308 -0.49399797 -0.47579471 -0.45833293
 -0.44157461 -0.42548391 -0.41002701 -0.39517201 -0.38088879 -0.36714887
 -0.35392538 -0.34119286 -0.32892726 -0.3171058  -0.30570689 -0.2947101
 -0.28409605 -0.27384634 -0.26394352 -0.25437103 -0.24511312 -0.23615482
 -0.2274819  -0.21908081 -0.21093864 -0.20304311 -0.1953825  -0.18794563
 -0.18072183 -0.17370091 -0.16687312 -0.16022915 -0.15376009 -0.14745738
 -0.14131285 -0.13531865 -0.12946723 -0.12375136 -0.11816407 -0.11269866
 -0.10734867 -0.10210787 -0.09697026 -0.09193004 -0.08698156 -0.08211951
 -0.07733813 -0.07263415]
Defect
 2.9999301489285553
==================== second derivative ==========================
S(x):
 [5.98311482 5.65439122 5.32566762 5.02515454 4.74311824 4.48017984
 4.23435571 4.00451399 3.78943401 3.58804548 3.39935273 3.22244462
 3.05648248 2.90069481 2.75437113 2.61685664 2.48754745 2.36588617
 2.25135796 2.14348696 2.04183303 1.94598875 1.85557679 1.77024742
 1.68967627 1.61356234 1.54162609 1.4736078  1.40926598 1.34837597
 1.29072866 1.23612928 1.18439633 1.13536057 1.08886411 1.0447596
 1.00290941 0.96318494 0.92546599 0.88964012 0.85560214 0.82325356
 0.79250214 0.76326146 0.73545051 0.70899332 0.68381861 0.65985951
 0.63705322 0.61534076 0.59466673 0.57497906 0.55622878 0.53836988
 0.52135904 0.50515555 0.48972105 0.47501946 0.46101683 0.44768116
 0.43498233 0.42289198 0.4113834  0.40043143 0.39001238 0.38010393
 0.37068508 0.36173605 0.35323822 0.34517408 0.33752716 0.33028196
 0.32342397 0.31693938 0.31081593 0.30503958 0.29960661 0.29447845
 0.28974994 0.28502143]
Defect
 -0.022484321541757946
===================== third derivative ==========================
S(x):
 [-20.08307741 -20.08307741 -18.35958104 -17.23075811 -16.06398893
 -15.01840758 -14.04197689 -13.14012066 -12.30365437 -11.52801643
 -10.80804421 -10.1393106   -9.5177094   -8.93951596  -8.40132581
  -7.90003065  -7.43278861  -6.99699968  -6.59028311  -6.21045721
  -5.85552113  -5.52363849  -5.21312256  -4.92242295  -4.6501135
  -4.39488142  -4.15551741  -3.93090674  -3.72002113  -3.52191138
  -3.33570078  -3.16057897  -2.99579645  -2.84065959  -2.69452604
  -2.55680056  -2.42693125  -2.30440606  -2.18874963  -2.0795204
  -1.97630799  -1.87873071  -1.78643343  -1.69908547  -1.61637878
  -1.53802622  -1.46375998  -1.39333015  -1.32650338  -1.26306167
  -1.20280122  -1.14553145  -1.09107397  -1.03926177  -0.98993835
  -0.94295703  -0.89818019  -0.85547867  -0.81473118  -0.77582372
  -0.7386491   -0.70310646  -0.66910084  -0.63654274  -0.60534777
  -0.57543633  -0.54673321  -0.51916734  -0.49267156  -0.467182
  -0.44263916  -0.41898284  -0.39616991  -0.37410698  -0.35290084
  -0.33192276  -0.31329988  -0.28888435  -0.28888435  -0.28888435]
Defect
 21.083077411065453
=========================== integral ============================
integral 0.5963347131419965
defect integral 6.620645289134824e-15
=================================================================
[a,b]:
[0.         0.00202045 0.0040409  0.00606134 0.00808179 0.01010224
 0.01212269 0.01414314 0.01616359 0.01818403 0.02020448 0.02222493
 0.02424538 0.02626583 0.02828628 0.03030672 0.03232717 0.03434762
 0.03636807 0.03838852 0.04040897 0.04242941 0.04444986 0.04647031
 0.04849076 0.05051121 0.05253166 0.0545521  0.05657255 0.058593
 0.06061345 0.0626339  0.06465434 0.06667479 0.06869524 0.07071569
 0.07273614 0.07475659 0.07677703 0.07879748 0.08081793 0.08283838
 0.08485883 0.08687928 0.08889972 0.09092017 0.09294062 0.09496107
 0.09698152 0.09900197 0.10102241 0.10304286 0.10506331 0.10708376
 0.10910421 0.11112466 0.1131451  0.11516555 0.117186   0.11920645
 0.1212269  0.12324735 0.12526779 0.12728824 0.12930869 0.13132914
 0.13334959 0.13537003 0.13739048 0.13941093 0.14143138 0.14345183
 0.14547228 0.14749272 0.14951317 0.15153362 0.15355407 0.15557452
 0.15759497 0.15961541 0.16163586 0.16365631 0.16567676 0.16769721
 0.16971766 0.1717381  0.17375855 0.175779   0.17779945 0.1798199
 0.18184035 0.18386079 0.18588124 0.18790169 0.18992214 0.19194259
 0.19396303 0.19598348 0.19800393 0.20002438 0.20204483 0.20406528
 0.20608572 0.20810617 0.21012662 0.21214707 0.21416752 0.21618797
 0.21820841 0.22022886 0.22224931 0.22426976 0.22629021 0.22831066
 0.2303311  0.23235155 0.234372   0.23639245 0.2384129  0.24043335
 0.24245379 0.24447424 0.24649469 0.24851514 0.25053559 0.25255604
 0.25457648 0.25659693 0.25861738 0.26063783 0.26265828 0.26467872
 0.26669917 0.26871962 0.27074007 0.27276052 0.27478097 0.27680141
 0.27882186 0.28084231 0.28286276 0.28488321 0.28690366 0.2889241
 0.29094455 0.292965   0.29498545 0.2970059  0.29902635 0.30104679
 0.30306724 0.30508769 0.30710814 0.30912859 0.31114904 0.31316948
 0.31518993 0.31721038 0.31923083 0.32125128 0.32327172 0.32529217
 0.32731262 0.32933307 0.33135352 0.33337397 0.33539441 0.33741486
 0.33943531 0.34145576 0.34347621 0.34549666 0.3475171  0.34953755
 0.351558   0.35357845 0.3555989  0.35761935 0.35963979 0.36166024
 0.36368069 0.36570114 0.36772159 0.36974204 0.37176248 0.37378293
 0.37580338 0.37782383 0.37984428 0.38186472 0.38388517 0.38590562
 0.38792607 0.38994652 0.39196697 0.39398741 0.39600786 0.39802831
 0.40004876 0.40206921 0.40408966 0.4061101  0.40813055 0.410151
 0.41217145 0.4141919  0.41621235 0.41823279 0.42025324 0.42227369
 0.42429414 0.42631459 0.42833504 0.43035548 0.43237593 0.43439638
 0.43641683 0.43843728 0.44045773 0.44247817 0.44449862 0.44651907
 0.44853952 0.45055997 0.45258041 0.45460086 0.45662131 0.45864176
 0.46066221 0.46268266 0.4647031  0.46672355 0.468744   0.47076445
 0.4727849  0.47480535 0.47682579 0.47884624 0.48086669 0.48288714
 0.48490759 0.48692804 0.48894848 0.49096893 0.49298938 0.49500983
 0.49703028 0.49905073 0.50107117 0.50309162 0.50511207 0.50713252
 0.50915297 0.51117341 0.51319386 0.51521431 0.51723476 0.51925521
 0.52127566 0.5232961  0.52531655 0.527337   0.52935745 0.5313779
 0.53339835 0.53541879 0.53743924 0.53945969 0.54148014 0.54350059
 0.54552104 0.54754148 0.54956193 0.55158238 0.55360283 0.55562328
 0.55764373 0.55966417 0.56168462 0.56370507 0.56572552 0.56774597
 0.56976642 0.57178686 0.57380731 0.57582776 0.57784821 0.57986866
 0.5818891  0.58390955 0.58593    0.58795045 0.5899709  0.59199135
 0.59401179 0.59603224 0.59805269 0.60007314 0.60209359 0.60411404
 0.60613448 0.60815493 0.61017538 0.61219583 0.61421628 0.61623673
 0.61825717 0.62027762 0.62229807 0.62431852 0.62633897 0.62835942
 0.63037986 0.63240031 0.63442076 0.63644121 0.63846166 0.6404821
 0.64250255 0.644523   0.64654345 0.6485639  0.65058435 0.65260479
 0.65462524 0.65664569 0.65866614 0.66068659 0.66270704 0.66472748
 0.66674793 0.66876838 0.67078883 0.67280928 0.67482973 0.67685017
 0.67887062 0.68089107 0.68291152 0.68493197 0.68695242 0.68897286
 0.69099331 0.69301376 0.69503421 0.69705466 0.6990751  0.70109555
 0.703116   0.70513645 0.7071569  0.70917735 0.71119779 0.71321824
 0.71523869 0.71725914 0.71927959 0.72130004 0.72332048 0.72534093
 0.72736138 0.72938183 0.73140228 0.73342273 0.73544317 0.73746362
 0.73948407 0.74150452 0.74352497 0.74554542 0.74756586 0.74958631
 0.75160676 0.75362721 0.75564766 0.75766811 0.75968855 0.761709
 0.76372945 0.7657499  0.76777035 0.76979079 0.77181124 0.77383169
 0.77585214 0.77787259 0.77989304 0.78191348 0.78393393 0.78595438
 0.78797483 0.78999528 0.79201573 0.79403617 0.79605662 0.79807707
 0.80009752 0.80211797 0.80413842 0.80615886 0.80817931 0.81019976
 0.81222021 0.81424066 0.81626111 0.81828155 0.820302   0.82232245
 0.8243429  0.82636335 0.82838379 0.83040424 0.83242469 0.83444514
 0.83646559 0.83848604 0.84050648 0.84252693 0.84454738 0.84656783
 0.84858828 0.85060873 0.85262917 0.85464962 0.85667007 0.85869052
 0.86071097 0.86273142 0.86475186 0.86677231 0.86879276 0.87081321
 0.87283366 0.87485411 0.87687455 0.878895   0.88091545 0.8829359
 0.88495635 0.8869768  0.88899724 0.89101769 0.89303814 0.89505859
 0.89707904 0.89909948 0.90111993 0.90314038 0.90516083 0.90718128
 0.90920173 0.91122217 0.91324262 0.91526307 0.91728352 0.91930397
 0.92132442 0.92334486 0.92536531 0.92738576 0.92940621 0.93142666
 0.93344711 0.93546755 0.937488   0.93950845 0.9415289  0.94354935
 0.9455698  0.94759024 0.94961069 0.95163114 0.95365159 0.95567204
 0.95769248 0.95971293 0.96173338 0.96375383 0.96577428 0.96779473
 0.96981517 0.97183562 0.97385607 0.97587652 0.97789697 0.97991742
 0.98193786 0.98395831 0.98597876 0.98799921 0.99001966 0.99204011
 0.99406055 0.996081   0.99810145 1.0001219  1.00214235 1.0041628
 1.00618324 1.00820369 1.01022414 1.01224459 1.01426504 1.01628548
 1.01830593 1.02032638 1.02234683 1.02436728 1.02638773 1.02840817
 1.03042862 1.03244907 1.03446952 1.03648997 1.03851042 1.04053086
 1.04255131 1.04457176 1.04659221 1.04861266 1.05063311 1.05265355
 1.054674   1.05669445 1.0587149  1.06073535 1.0627558  1.06477624
 1.06679669 1.06881714 1.07083759 1.07285804 1.07487849 1.07689893
 1.07891938 1.08093983 1.08296028 1.08498073 1.08700117 1.08902162
 1.09104207 1.09306252 1.09508297 1.09710342 1.09912386 1.10114431
 1.10316476 1.10518521 1.10720566 1.10922611 1.11124655 1.113267
 1.11528745 1.1173079  1.11932835 1.1213488  1.12336924 1.12538969
 1.12741014 1.12943059 1.13145104 1.13347149 1.13549193 1.13751238
 1.13953283 1.14155328 1.14357373 1.14559417 1.14761462 1.14963507
 1.15165552 1.15367597 1.15569642 1.15771686 1.15973731 1.16175776
 1.16377821 1.16579866 1.16781911 1.16983955 1.17186    1.17388045
 1.1759009  1.17792135 1.1799418  1.18196224 1.18398269 1.18600314
 1.18802359 1.19004404 1.19206449 1.19408493 1.19610538 1.19812583
 1.20014628 1.20216673 1.20418717 1.20620762 1.20822807 1.21024852
 1.21226897 1.21428942 1.21630986 1.21833031 1.22035076 1.22237121
 1.22439166 1.22641211 1.22843255 1.230453   1.23247345 1.2344939
 1.23651435 1.2385348  1.24055524 1.24257569 1.24459614 1.24661659
 1.24863704 1.25065749 1.25267793 1.25469838 1.25671883 1.25873928
 1.26075973 1.26278018 1.26480062 1.26682107 1.26884152 1.27086197
 1.27288242 1.27490286 1.27692331 1.27894376 1.28096421 1.28298466
 1.28500511 1.28702555 1.289046   1.29106645]
current N: 160
========================= function ==============================
S(x):
 [1.         0.98403044 0.9684414  0.95322185 0.93836115 0.92384903
 0.90967556 0.89583114 0.8823065  0.86909269 0.85618103 0.84356315
 0.83123095 0.81917659 0.8073925  0.79587134 0.78460602 0.77358966
 0.76281561 0.75227745 0.74196893 0.73188401 0.72201686 0.7123618
 0.70291335 0.69366619 0.68461515 0.67575526 0.66708165 0.65858964
 0.65027466 0.6421323  0.63415828 0.62634843 0.61869873 0.61120525
 0.6038642  0.59667188 0.58962472 0.58271925 0.57595208 0.56931993
 0.56281963 0.55644807 0.55020226 0.54407927 0.53807627 0.53219049
 0.52641926 0.52075997 0.51521008 0.50976714 0.50442875 0.49919257
 0.49405634 0.48901786 0.48407498 0.47922562 0.47446774 0.46979937
 0.46521858 0.46072351 0.45631233 0.45198327 0.44773459 0.44356463
 0.43947173 0.43545431 0.43151081 0.42763972 0.42383956 0.42010889
 0.41644632 0.41285049 0.40932006 0.40585373 0.40245026 0.39910839
 0.39582694 0.39260474 0.38944064 0.38633354 0.38328234 0.380286
 0.37734347 0.37445377 0.37161589 0.36882889 0.36609184 0.36340382
 0.36076395 0.35817135 0.35562519 0.35312463 0.35066888 0.34825714
 0.34588866 0.34356267 0.34127846 0.33903531 0.33683252 0.33466941
 0.33254533 0.33045962 0.32841165 0.32640081 0.32442649 0.3224881
 0.32058508 0.31871687 0.3168829  0.31508266 0.31331562 0.31158128
 0.30987913 0.30820868 0.30656948 0.30496105 0.30338294 0.30183472
 0.30031595 0.29882621 0.2973651  0.29593221 0.29452716 0.29314955
 0.29179903 0.29047523 0.28917779 0.28790637 0.28666064 0.28544025
 0.2842449  0.28307427 0.28192805 0.28080596 0.27970769 0.27863296
 0.2775815  0.27655305 0.27554733 0.2745641  0.2736031  0.2726641
 0.27174685 0.27085114 0.26997673 0.26912341 0.26829097 0.2674792
 0.2666879  0.26591688 0.26516596 0.26443494 0.26372365 0.26303192
 0.26235958 0.26170647 0.26107243 0.26045731]
Defect
 4.002463693808522e-09
===================== first derivative ==========================
S(x):
 [-1.99999125 -1.95222168 -1.9058255  -1.86077282 -1.81701304 -1.7745034
 -1.73320125 -1.69306599 -1.6540585  -1.61614118 -1.57927784 -1.54343369
 -1.50857526 -1.47467031 -1.44168783 -1.40959795 -1.37837193 -1.34798206
 -1.31840167 -1.28960505 -1.26156744 -1.23426495 -1.20767459 -1.18177415
 -1.15654224 -1.13195822 -1.10800218 -1.08465491 -1.06189788 -1.0397132
 -1.01808359 -0.99699238 -0.97642346 -0.9563613  -0.93679086 -0.91769763
 -0.89906759 -0.88088719 -0.86314333 -0.84582335 -0.828915   -0.81240645
 -0.79628624 -0.78054329 -0.7651669  -0.75014669 -0.73547263 -0.721135
 -0.70712441 -0.69343175 -0.68004821 -0.66696525 -0.65417461 -0.64166828
 -0.6294385  -0.61747775 -0.60577874 -0.59433442 -0.58313793 -0.57218264
 -0.56146211 -0.5509701  -0.54070056 -0.53064761 -0.52080557 -0.51116889
 -0.50173222 -0.49249034 -0.48343822 -0.47457093 -0.46588372 -0.45737196
 -0.44903115 -0.44085694 -0.43284509 -0.42499147 -0.41729209 -0.40974305
 -0.40234058 -0.39508101 -0.38796075 -0.38097635 -0.37412442 -0.36740167
 -0.36080492 -0.35433106 -0.34797706 -0.34173998 -0.33561696 -0.32960521
 -0.32370202 -0.31790476 -0.31221085 -0.30661778 -0.30112313 -0.29572451
 -0.29041961 -0.28520618 -0.28008203 -0.27504501 -0.27009304 -0.26522409
 -0.26043617 -0.25572736 -0.25109576 -0.24653955 -0.24205692 -0.23764614
 -0.23330549 -0.22903331 -0.22482798 -0.2206879  -0.21661154 -0.21259738
 -0.20864395 -0.20474979 -0.20091351 -0.19713374 -0.19340912 -0.18973834
 -0.18612012 -0.1825532  -0.17903637 -0.17556841 -0.17214816 -0.16877446
 -0.16544621 -0.16216229 -0.15892163 -0.15572318 -0.15256591 -0.14944881
 -0.1463709  -0.1433312  -0.14032877 -0.13736268 -0.13443202 -0.13153589
 -0.12867342 -0.12584376 -0.12304606 -0.12027949 -0.11754325 -0.11483653
 -0.11215857 -0.10950858 -0.10688583 -0.10428956 -0.10171905 -0.09917358
 -0.09665246 -0.09415498 -0.09168048 -0.08922828 -0.08679773 -0.08438816
 -0.08199895 -0.07962948 -0.07727907 -0.07494734]
Defect
 2.9999912503367914
==================== second derivative ==========================
S(x):
 [5.99573203 5.8257956  5.65585916 5.49332018 5.33590581 5.18394718
 5.03708994 4.89517501 4.75800207 4.62539237 4.4971714  4.37317308
 4.25323813 4.13721412 4.02495504 3.91632103 3.81117806 3.7093977
 3.61085682 3.51543741 3.42302626 3.33351481 3.24679892 3.16277865
 3.08135809 3.00244519 2.92595156 2.85179234 2.77988601 2.71015428
 2.64252191 2.57691661 2.5132689  2.45151199 2.39158164 2.33341611
 2.27695599 2.22214415 2.1689256  2.11724743 2.06705874 2.01831049
 1.9709555  1.92494833 1.8802452  1.83680395 1.79458398 1.75354614
 1.71365272 1.67486736 1.63715502 1.60048192 1.56481546 1.53012424
 1.49637793 1.4635473  1.43160413 1.4005212  1.37027224 1.34083186
 1.3121756  1.2842798  1.25712163 1.23067905 1.20493075 1.17985615
 1.15543538 1.13164921 1.1084791  1.08590707 1.0639158  1.0424885
 1.02160896 1.0012615  0.98143093 0.9621026  0.94326231 0.92489633
 0.90699136 0.88953455 0.87251345 0.85591601 0.83973058 0.82394586
 0.80855092 0.79353517 0.77888836 0.76460056 0.75066215 0.73706381
 0.72379652 0.71085151 0.69822033 0.68589474 0.67386679 0.66212876
 0.65067317 0.63949276 0.6285805  0.61792957 0.60753336 0.59738545
 0.58747962 0.57780985 0.56837028 0.55915522 0.55015919 0.54137682
 0.53280294 0.52443252 0.51626067 0.50828266 0.50049389 0.4928899
 0.48546636 0.47821906 0.47114393 0.464237   0.45749443 0.45091249
 0.44448755 0.4382161  0.43209473 0.42612011 0.42028904 0.41459838
 0.4090451  0.40362627 0.39833901 0.39318056 0.38814822 0.38323938
 0.37845149 0.3737821  0.36922881 0.3647893  0.36046131 0.35624267
 0.35213125 0.34812499 0.34422189 0.34042002 0.3367175  0.33311251
 0.32960328 0.32618809 0.3228653  0.31963328 0.31649048 0.31343539
 0.31046655 0.30758254 0.304782   0.30206356 0.29942607 0.29686781
 0.29438941 0.29198287 0.28967257 0.28736227]
Defect
 -0.02562124685716194
===================== third derivative ==========================
S(x):
 [-21.02707107 -21.02707107 -20.11174659 -19.47765437 -18.80258769
 -18.17136914 -17.55983193 -16.97308268 -16.40845032 -15.8654104
 -15.34292258 -14.84014095 -14.35622074 -13.89036736 -13.44182068
 -13.0098567  -12.59378488 -12.19294658 -11.80671344 -11.43448583
 -11.07569147 -10.72978394 -10.39624157 -10.07456602  -9.76428129
  -9.46493255  -9.17608509  -8.8973234   -8.62825019  -8.36848553
  -8.11766604  -7.87544404  -7.64148688  -7.41547616  -7.1971071
  -6.98608789  -6.78213909  -6.58499302  -6.39439327  -6.21009413
  -6.03186014  -5.85946559  -5.69269409  -5.53133814  -5.37519875
  -5.22408501  -5.07781379  -4.93620935  -4.79910302  -4.66633289
  -4.53774351  -4.41318562  -4.29251585  -4.17559651  -4.06229529
  -3.95248507  -3.84604367  -3.74285364  -3.6428021   -3.54578048
  -3.45168438  -3.36041338  -3.27187089  -3.18596397  -3.10260318
  -3.02170243  -2.94317889  -2.86695276  -2.79294725  -2.72108837
  -2.65130489  -2.58352817  -2.51769208  -2.4537329   -2.39158922
  -2.33120185  -2.27251372  -2.21546982  -2.16001707  -2.10610432
  -2.05368221  -2.00270311  -1.95312108  -1.90489178  -1.85797242
  -1.8123217   -1.76789974  -1.72466803  -1.68258939  -1.64162791
  -1.60174891  -1.56291887  -1.52510541  -1.48827724  -1.45240412
  -1.41745683  -1.38340709  -1.35022759  -1.31789191  -1.28637448
  -1.2556506   -1.22569634  -1.19648857  -1.16800491  -1.14022368
  -1.11312391  -1.08668529  -1.06088817  -1.0357135   -1.01114285
  -0.98715836  -0.96374271  -0.94087916  -0.91855145  -0.89674384
  -0.87544106  -0.85462832  -0.83429127  -0.81441598  -0.79498898
  -0.77599715  -0.7574278   -0.73926861  -0.7215076   -0.70413317
  -0.68713403  -0.67049924  -0.65421816  -0.63828046  -0.62267611
  -0.60739535  -0.5924287   -0.57776695  -0.56340114  -0.54932256
  -0.53552273  -0.52199341  -0.50872657  -0.49571441  -0.48294932
  -0.4704239   -0.45813095  -0.44606343  -0.43421451  -0.42257751
  -0.41114593  -0.39991344  -0.38887384  -0.37802112  -0.36734928
  -0.35685297  -0.3465251   -0.33636571  -0.3263488   -0.31654611
  -0.30666528  -0.29777325  -0.28586459  -0.28586459  -0.28586459]
Defect
 22.027071071589678
=========================== integral ============================
integral 0.594232173410855
defect integral 6.597302408937799e-15
=================================================================
Ratio of errors in spline function
0.05382359959240819
0.06249722038507148
0.0621982534080561
0.062273840737115234
Ratio of errors in spline first derivative
1.00964888280215
1.0012728757613742
1.0001619587149577
1.0000203676103119
Ratio of errors in spline second derivative
0.020991985771389644
-14.125784972833992
1.440503912822199
1.1395161205810942
Ratio of errors in spline third derivative
1.4810980852775548
1.2033269203463148
1.0934121457447927
1.0447749463761287
Ratio of errors in integral
0.9712928766677213
0.9858020044546301
0.9929335963737688
0.9964742288436246
