
============================Metadata============================
Student:  Kirill Telegin
Group:  3430302/80004

Matrix
[[12. -6. -6.  0.  0.  0.  0.  0.  0.  0.  0.  0.  0.  0.  0.  0.  0.  0.
   0.  0.  0.  0.  0.  0.  0.  0.]
 [-1. 13. -8. -4.  0.  0.  0.  0.  0.  0.  0.  0.  0.  0.  0.  0.  0.  0.
   0.  0.  0.  0.  0.  0.  0.  0.]
 [-5. -6. 19.  0. -8.  0.  0.  0.  0.  0.  0.  0.  0.  0.  0.  0.  0.  0.
   0.  0.  0.  0.  0.  0.  0.  0.]
 [ 0. -3. -6. 16. -1. -6.  0.  0.  0.  0.  0.  0.  0.  0.  0.  0.  0.  0.
   0.  0.  0.  0.  0.  0.  0.  0.]
 [ 0.  0. -9.  0. 13. -1. -3.  0.  0.  0.  0.  0.  0.  0.  0.  0.  0.  0.
   0.  0.  0.  0.  0.  0.  0.  0.]
 [ 0.  0.  0. -7. -6. 21. -2. -6.  0.  0.  0.  0.  0.  0.  0.  0.  0.  0.
   0.  0.  0.  0.  0.  0.  0.  0.]
 [ 0.  0.  0.  0. -9. -8. 28. -8. -3.  0.  0.  0.  0.  0.  0.  0.  0.  0.
   0.  0.  0.  0.  0.  0.  0.  0.]
 [ 0.  0.  0.  0.  0. -2. -5. 22. -8. -7.  0.  0.  0.  0.  0.  0.  0.  0.
   0.  0.  0.  0.  0.  0.  0.  0.]
 [ 0.  0.  0.  0.  0.  0. -9. -4. 17.  0. -4.  0.  0.  0.  0.  0.  0.  0.
   0.  0.  0.  0.  0.  0.  0.  0.]
 [ 0.  0.  0.  0.  0.  0.  0. -8. -6. 23. -3. -6.  0.  0.  0.  0.  0.  0.
   0.  0.  0.  0.  0.  0.  0.  0.]
 [ 0.  0.  0.  0.  0.  0.  0.  0. -2. -6. 21. -6. -7.  0.  0.  0.  0.  0.
   0.  0.  0.  0.  0.  0.  0.  0.]
 [ 0.  0.  0.  0.  0.  0.  0.  0.  0. -7. -8. 25. -1. -9.  0.  0.  0.  0.
   0.  0.  0.  0.  0.  0.  0.  0.]
 [ 0.  0.  0.  0.  0.  0.  0.  0.  0.  0. -6.  0. 15. -6. -3.  0.  0.  0.
   0.  0.  0.  0.  0.  0.  0.  0.]
 [ 0.  0.  0.  0.  0.  0.  0.  0.  0.  0.  0. -4. -2.  8.  0. -2.  0.  0.
   0.  0.  0.  0.  0.  0.  0.  0.]
 [ 0.  0.  0.  0.  0.  0.  0.  0.  0.  0.  0.  0. -3. -6. 22. -5. -8.  0.
   0.  0.  0.  0.  0.  0.  0.  0.]
 [ 0.  0.  0.  0.  0.  0.  0.  0.  0.  0.  0.  0.  0. -2. -6. 17.  0. -9.
   0.  0.  0.  0.  0.  0.  0.  0.]
 [ 0.  0.  0.  0.  0.  0.  0.  0.  0.  0.  0.  0.  0.  0. -3. -8. 21. -6.
  -4.  0.  0.  0.  0.  0.  0.  0.]
 [ 0.  0.  0.  0.  0.  0.  0.  0.  0.  0.  0.  0.  0.  0.  0. -7. -7. 27.
  -6. -7.  0.  0.  0.  0.  0.  0.]
 [ 0.  0.  0.  0.  0.  0.  0.  0.  0.  0.  0.  0.  0.  0.  0.  0. -9. -2.
  23. -3. -9.  0.  0.  0.  0.  0.]
 [ 0.  0.  0.  0.  0.  0.  0.  0.  0.  0.  0.  0.  0.  0.  0.  0.  0. -2.
  -4. 14. -3. -5.  0.  0.  0.  0.]
 [ 0.  0.  0.  0.  0.  0.  0.  0.  0.  0.  0.  0.  0.  0.  0.  0.  0.  0.
  -8. -1. 19. -4. -6.  0.  0.  0.]
 [ 0.  0.  0.  0.  0.  0.  0.  0.  0.  0.  0.  0.  0.  0.  0.  0.  0.  0.
   0. -8.  0. 20. -3. -9.  0.  0.]
 [ 0.  0.  0.  0.  0.  0.  0.  0.  0.  0.  0.  0.  0.  0.  0.  0.  0.  0.
   0.  0. -3. -6. 19. -5. -5.  0.]
 [ 0.  0.  0.  0.  0.  0.  0.  0.  0.  0.  0.  0.  0.  0.  0.  0.  0.  0.
   0.  0.  0. -8. -2. 20. -3. -7.]
 [ 0.  0.  0.  0.  0.  0.  0.  0.  0.  0.  0.  0.  0.  0.  0.  0.  0.  0.
   0.  0.  0.  0. -9. -5. 14.  0.]
 [ 0.  0.  0.  0.  0.  0.  0.  0.  0.  0.  0.  0.  0.  0.  0.  0.  0.  0.
   0.  0.  0.  0.  0. -4. -8. 12.]]

Column vector
[  42.  -67.   98.  -32.  -88.  -20.  180.  -64.  -40.  106.   23. -104.
    0.   22.  -35.  -82.   98.   51. -121.   61.   15.  -80.   53.   58.
  -56.    8.]

============================Single precision============================

----------------------------------------------------------------
parameter value : 1.0
----------------------------------------------------------------
Solution for current parameter
 [ 7.0000000e+00 -1.3033882e-14  7.0000000e+00  1.0000000e+00
 -1.4030816e-14  1.0000000e+00  8.0000000e+00  3.0000000e+00
  4.0000000e+00  8.0000000e+00  6.0000000e+00  2.0000000e+00
  5.0000000e+00  5.0000000e+00  3.0000000e+00 -3.6672532e-14
  7.0000000e+00  6.0000000e+00  1.0000000e+00  8.0000000e+00
  5.0000000e+00  4.0000000e+00  8.0000000e+00  8.0000000e+00
  4.0000000e+00  6.0000000e+00]
Condition number for current solution
 1019.2517
Inverse condition number for current solution
 0.000981111918857062
Redisual vector for current solution
 [0. 0. 0. 0. 0. 0. 0. 0. 0. 0. 0. 0. 0. 0. 0. 0. 0. 0. 0. 0. 0. 0. 0. 0.
 0. 0.]
Defect for current solution
 0.0

----------------------------------------------------------------
parameter value : 0.015625
----------------------------------------------------------------
Solution for current parameter
 [7.0000000e+00 1.4846728e-12 7.0000000e+00 1.0000000e+00 1.4863260e-12
 1.0000000e+00 8.0000000e+00 3.0000000e+00 4.0000000e+00 8.0000000e+00
 6.0000000e+00 2.0000000e+00 5.0000000e+00 5.0000000e+00 3.0000000e+00
 1.4534898e-12 7.0000000e+00 6.0000000e+00 1.0000000e+00 8.0000000e+00
 5.0000000e+00 4.0000000e+00 8.0000000e+00 8.0000000e+00 4.0000000e+00
 6.0000000e+00]
Condition number for current solution
 50326.477
Inverse condition number for current solution
 1.9870256538983193e-05
Redisual vector for current solution
 [0. 0. 0. 0. 0. 0. 0. 0. 0. 0. 0. 0. 0. 0. 0. 0. 0. 0. 0. 0. 0. 0. 0. 0.
 0. 0.]
Defect for current solution
 0.0

----------------------------------------------------------------
parameter value : 0.0
----------------------------------------------------------------
Solution for current parameter
 [ 2.0769231  -4.923077    2.0769231  -3.9230769  -4.923077   -3.9230769
  3.0769231  -1.9230769  -0.9230769   3.0769231   1.0769231  -2.9230769
  0.07692308  0.07692308 -1.9230769  -4.923077    2.0769231   1.0769231
 -3.9230769   3.0769231   0.07692308 -0.9230769   3.0769231   3.0769231
 -0.9230769   1.0769231 ]
Condition number for current solution
 1.8231866e+16
Inverse condition number for current solution
 5.484902217721244e-17
Redisual vector for current solution
 [ 0.0000000e+00  0.0000000e+00  0.0000000e+00 -3.8146973e-06
  0.0000000e+00 -3.8146973e-06  0.0000000e+00  0.0000000e+00
  0.0000000e+00  0.0000000e+00  0.0000000e+00  0.0000000e+00
  2.9802322e-07  0.0000000e+00  0.0000000e+00  7.6293945e-06
  0.0000000e+00 -3.8146973e-06  0.0000000e+00  0.0000000e+00
  0.0000000e+00  0.0000000e+00  0.0000000e+00 -3.8146973e-06
  0.0000000e+00 -9.5367432e-07]
Defect for current solution
 526675740.0

============================Double precision============================

----------------------------------------------------------------
parameter value : 1.0
----------------------------------------------------------------
Solution for current parameter
 [ 7.00000000e+00 -1.30338821e-14  7.00000000e+00  1.00000000e+00
 -1.40308160e-14  1.00000000e+00  8.00000000e+00  3.00000000e+00
  4.00000000e+00  8.00000000e+00  6.00000000e+00  2.00000000e+00
  5.00000000e+00  5.00000000e+00  3.00000000e+00 -3.66725314e-14
  7.00000000e+00  6.00000000e+00  1.00000000e+00  8.00000000e+00
  5.00000000e+00  4.00000000e+00  8.00000000e+00  8.00000000e+00
  4.00000000e+00  6.00000000e+00]
Condition number for current solution
 1019.2516747658166
Inverse condition number for current solution
 0.0009811119517951837
Redisual vector for current solution
 [ 7.10542736e-15  0.00000000e+00 -2.84217094e-14  7.10542736e-15
  1.42108547e-14  0.00000000e+00 -2.84217094e-14  2.84217094e-14
  0.00000000e+00  2.84217094e-14  7.10542736e-15  0.00000000e+00
  7.10542736e-15  3.55271368e-15  0.00000000e+00  0.00000000e+00
  0.00000000e+00  0.00000000e+00 -1.42108547e-14  1.42108547e-14
  1.06581410e-14  0.00000000e+00 -1.42108547e-14  1.42108547e-14
  0.00000000e+00  0.00000000e+00]
Defect for current solution
 1.8326013101990666e-13

----------------------------------------------------------------
parameter value : 0.015625
----------------------------------------------------------------
Solution for current parameter
 [7.00000000e+00 1.48467287e-12 7.00000000e+00 1.00000000e+00
 1.48632601e-12 1.00000000e+00 8.00000000e+00 3.00000000e+00
 4.00000000e+00 8.00000000e+00 6.00000000e+00 2.00000000e+00
 5.00000000e+00 5.00000000e+00 3.00000000e+00 1.45348978e-12
 7.00000000e+00 6.00000000e+00 1.00000000e+00 8.00000000e+00
 5.00000000e+00 4.00000000e+00 8.00000000e+00 8.00000000e+00
 4.00000000e+00 6.00000000e+00]
Condition number for current solution
 50326.47572941959
Inverse condition number for current solution
 1.9870256867905917e-05
Redisual vector for current solution
 [ 7.10542736e-15  0.00000000e+00  1.42108547e-14  0.00000000e+00
 -4.26325641e-14 -3.55271368e-15  2.84217094e-14  0.00000000e+00
 -1.42108547e-14  1.42108547e-14  0.00000000e+00  0.00000000e+00
 -1.42108547e-14 -2.13162821e-14  2.13162821e-14  0.00000000e+00
  0.00000000e+00 -7.10542736e-15 -1.42108547e-14  0.00000000e+00
  0.00000000e+00  0.00000000e+00 -1.42108547e-14  6.39488462e-14
  2.84217094e-14 -7.10542736e-15]
Defect for current solution
 1.328635921583647e-11

----------------------------------------------------------------
parameter value : 0.0
----------------------------------------------------------------
Solution for current parameter
 [ 2.07692308 -4.92307692  2.07692308 -3.92307692 -4.92307692 -3.92307692
  3.07692308 -1.92307692 -0.92307692  3.07692308  1.07692308 -2.92307692
  0.07692308  0.07692308 -1.92307692 -4.92307692  2.07692308  1.07692308
 -3.92307692  3.07692308  0.07692308 -0.92307692  3.07692308  3.07692308
 -0.92307692  1.07692308]
Condition number for current solution
 1.8231865552606004e+16
Inverse condition number for current solution
 5.484902228543821e-17
Redisual vector for current solution
 [ 0.00000000e+00  1.42108547e-14  0.00000000e+00  0.00000000e+00
  0.00000000e+00  0.00000000e+00  0.00000000e+00  1.42108547e-14
  0.00000000e+00  1.42108547e-14  3.55271368e-15  0.00000000e+00
 -5.44009282e-15  0.00000000e+00  0.00000000e+00 -1.42108547e-14
  0.00000000e+00  7.10542736e-15  0.00000000e+00  2.13162821e-14
 -1.77635684e-15 -1.42108547e-14  7.10542736e-15  0.00000000e+00
 -7.10542736e-15  0.00000000e+00]
Defect for current solution
 1.9809043786762013
